100
96 23 3 69 6
38 34 3 53 959
86 17 452 19 135 12 8 71 4
54 85 1 95 6 53 596
10 48 1 78 1
67 68 4 12 10 91 214
85 35 144 12 880 84 9 54 10 82 184
16 78 279 97 667 32 10 90 10 84 431
8 16 910 49 3 1 5
83 50 1060 53 7 79 8
40 56 124 89 8 21 5
43 15 5 28 1
22 45 1014 90 3 84 3
62 24 922 88 8 31 7 9 104
78 10 7 33 7
80 91 6 59 5
55 34 6 73 7
94 19 6 66 2 72 831 92 1025
30 44 404 50 7
19 25 9 94 2
25 97 10 19 6 83 1033
24 92 1 47 10
88 29 1039 72 1 62 6
93 3 508 25 609 16 213 63 335 41 5 5 9
48 58 10 10 6
82 56 8 9 7
50 22 712 29 9 30 4
73 55 8 75 6 83 327
31 68 199 62 2 36 10
74 72 128 64 10 92 4 53 159
21 40 4 45 6
4 61 4 100 10
57 77 5 61 5 16 783 53 342
5 32 797 93 8 29 4
84 23 577 22 1 85 4
35 79 4 11 1
17 96 486 33 8 37 7
2 15 168 18 2 52 615 72 10
7 69 3 60 3 16 485
1 72 804 42 116 8 6 18 7
89 59 5 40 3
26 46 5 87 2 73 1062
45 21 7 32 9 33 781
27 2 870 24 549 71 2 56 1
59 80 8 89 6
63 28 2 65 1
41 30 514 51 5 93 8
39 70 4 46 3
47 24 5 49 2
9 82 6 51 5
46 39 3 26 9 74 221
20 52 2 91 5
79 83 2 35 5 52 451
49 45 901 47 6 8 9
70 75 4 39 2 61 722
33 78 7 17 4 4 257
81 13 5 3 6
32 45 5 16 2
36 31 9 13 1
34 38 3 55 7 32 534 19 664
3 81 5 68 8
14 66 10 76 8 30 363 99 1058
91 20 1 80 1
52 76 6 20 6 4 664
60 7 5 42 6 27 200 12 849 6 497
44 37 3 64 8
51 22 128 34 544 9 4 41 4
58 50 273 11 10 48 9
13 36 1 81 7 66 520
11 75 146 35 4 58 9
90 42 856 3 1072 16 6 22 7 32 234
99 6 10 23 1 90 859 2 148
68 3 10 67 7
66 2 1063 94 2 14 2 22 241 43 349
92 74 4 24 6
95 54 9 15 10
23 99 7 96 4
42 60 4 77 9
15 95 9 43 10 9 779
12 67 5 86 8
6 34 846 98 7 99 9
75 73 7 70 9
77 57 3 42 917
28 39 503 43 9 63 9 32 839
53 7 592 28 167 65 4 83 10 11 994 39 388
72 84 884 44 741 2 9 88 7
65 63 2 53 7
56 27 4 82 1 10 1080
37 27 570 17 7 44 9
76 14 10 52 2
18 1 9 2 9
98 6 5 87 125
64 47 343 44 6 74 2 85 304
97 57 1087 100 9 25 7
87 26 2 98 9 81 514 40 493
29 59 858 5 2 50 2
71 22 1085 90 344 86 2 27 8
100 4 4 97 4
69 96 1 7 5 52 386 35 210
61 57 4 4 9 56 514
