100
55 7 10 40 10
23 2 10 60 2
57 86 10 28 9
26 87 1 90 1
17 1 3 66 2
43 30 400 67 5 60 824
64 95 454 5 2 44 2 48 293
56 30 7 80 2
37 8 6 12 2
25 38 7 77 6 79 875
22 90 4 71 10 39 975
39 26 305 46 591 80 6 70 3
98 24 182 84 888 49 4 93 1
58 89 132 47 10 59 5
95 82 1046 36 2 38 2 88 837
99 9 2 84 6
4 45 9 24 2 10 632
18 59 1 11 1
52 19 6 63 8 79 1028 92 790
92 26 969 73 9 49 4
77 36 178 25 8 31 4 67 780
71 22 10 54 2 35 400
83 89 6 96 2 22 404
69 50 219 44 7 8 5
15 40 10 48 6
49 25 405 59 1019 92 2 98 7
82 48 1 9 7 25 770
53 84 1065 15 762 18 477 73 751 28 7 85 1
74 75 7
20 75 240 46 10 50 10 96 182
33 34 3 100 2
19 100 214 21 10 52 2
85 70 1042 53 2 68 3
1 8 270 41 7 17 4
11 18 2 86 1
5 100 7 64 9
21 54 5 19 7 13 372
72 79 7 88 6
73 3 10 92 9
91 65 8 36 10 56 316 75 364
34 29 2 33 6
93 69 499 1 940 98 7 2 2
54 71 7 21 9 73 669 11 725 96 694 64 1038
80 56 10 39 7
79 32 2 72 5
2 93 2 23 2
45 96 9 4 4
47 35 697 27 1 58 1
44 64 8 69 7 89 881
78 88 2 46 1
75 74 9 61 6
13 11 1050 20 744 67 9 27 9
46 63 882 78 2 20 3
7 42 4 55 4 16 375
90 26 9 22 5 18 314
10 95 806 6 3 76 3
27 68 475 13 2 47 4
8 24 287 69 9 37 10 48 630
12 50 433 37 1 97 1
60 19 271 23 3 43 4 1 207 55 991
38 95 3 25 5 86 657
36 91 6 95 8 31 727
16 87 10 81 873 100 609
97 28 523 12 5 3 5
31 77 9 35 7 78 578
48 15 4 82 5
14 68 1 41 9
24 4 5 42 8 43 876
67 61 464 43 10 13 2
32 63 2 79 3 43 835
28 57 8 53 6
59 77 244 58 4 18 3
3 97 1 73 2 37 572 65 752
81 24 149 84 1 16 3 76 372 15 465
41 86 746 14 1 51 204 1 2
68 85 9 14 4
86 11 2 57 5
87 16 9 26 3
9 82 4 99 2
29 35 9 34 6 21 1084
42 24 2 7 2 20 1070
88 72 9 78 7
76 54 563 16 541 10 5 94 7
70 99 134 80 653 39 2 51 6
66 17 5 30 2
63 52 2 32 1
62 34 963 96 204 50 1 65 1
65 62 9 58 542 91 3
50 20 10 62 2 28 1064
30 4 154 62 637 66 6 56 6
61 75 6 89 168 85 948
89 61 6 83 5
84 99 7 81 9 43 500 94 587
35 31 9 29 4 81 757
40 55 7 15 1 97 106 72 682
94 47 267 76 3
51 62 240 70 2 6 8
100 33 4 5 10
6 51 9 10 1
96 83 1 45 7
